Mask layer chip channel
8 0 20
8 0 44
8 1 2
8 1 11
8 1 13
8 1 20
8 1 29
8 1 32
8 1 48
8 1 63
8 2 26
8 2 40
8 3 18
8 3 22
8 3 27
8 3 29
8 3 30
8 3 36
8 3 39
8 3 42
8 3 48
8 3 62
8 4 26
8 4 35
8 5 15
8 5 19
8 5 22
8 5 29
8 5 30
8 5 36
8 5 38
8 5 42
8 6 7
8 6 9
8 6 18
8 6 49
8 7 4
8 7 11
8 7 12
8 7 13
8 7 29
8 7 30
8 7 44
8 7 45
8 7 48
8 7 50
8 7 54
8 7 59
8 7 62
8 8 2
8 8 12
8 9 0
8 9 7
8 9 9
8 9 13
8 9 19
8 9 20
8 9 27
8 9 28
8 9 30
8 9 33
8 9 40
8 9 47
8 9 50
8 9 52
8 9 59
8 9 61
8 10 0
8 10 30
8 11 2
8 11 18
8 11 21
8 11 23
8 11 26
8 11 27
8 11 28
8 11 30
8 11 33
8 11 40
8 11 41
8 11 42
8 11 43
8 11 63
8 12 30
8 12 47
8 12 53
8 12 58
8 12 60
8 13 2
8 13 21
8 13 23
8 13 26
8 13 27
8 13 28
8 13 33
8 13 35
8 13 40
8 13 41
8 13 42
8 13 43
8 13 59
8 13 63
8 14 6
8 14 13
8 14 17
8 14 28
8 15 1
8 15 24
8 15 34
8 15 44
8 15 46
8 15 50
8 15 60
8 15 63
11 5 35
11 9 0
11 9 1
11 9 2
11 9 3
11 9 4
11 9 5
11 9 6
11 9 7
11 9 8
11 9 9
11 9 10
11 9 11
11 9 12
11 9 13
11 9 14
11 9 15
11 9 16
11 9 17
11 9 18
11 9 19
11 9 20
11 9 21
11 9 22
11 9 23
11 9 24
11 9 25
11 9 26
11 9 27
11 9 28
11 9 29
11 9 30
11 9 31
11 9 32
11 9 33
11 9 34
11 9 35
11 9 36
11 9 37
11 9 38
11 9 39
11 9 40
11 9 41
11 9 42
11 9 43
11 9 44
11 9 45
11 9 46
11 9 47
11 9 48
11 9 49
11 9 50
11 9 51
11 9 52
11 9 53
11 9 54
11 9 55
11 9 56
11 9 57
11 9 58
11 9 59
11 9 60
11 9 61
11 9 62
11 9 63
12 0 16
12 10 34
12 10 46
12 14 47
